$ANSIBLE_VAULT;1.1;AES256
38623464323135343939373737353964666536383538363963323465336633663337363539333061
3732373166386533393735373966663663636439313065390a626130623739333234646133383238
39353639646535303363313564643535383839363261373436663031303664313132306239373135
6139373666383961370a303237633965323437323737646561663638346136323763343366343331
35363139393338353232343433636136346265633038303564353965363435616134653961343432
31613538316532616264643962383834313130663164353234623336643963353039303061316330
36373337656331393166343362383933303866313934643533316161353731383336306365636265
36396534626466626231636331313232623233313865316264393632623739383963376461323739
66316465386534636531356165663130343533356335653236313766656464363766666436663431
38356636636465346561373334303831663365383336373435616461643630383532646466336638
633165653365386435316434656464623232
